927
874
49
556
115
292
738
910
599
54
573
954
408
298
759
313
504
508
734
988
723
827
170
243
375
114
962
2
543
502
61
301
244
96
610
770
310
129
336
343
750
661
809
323
742
480
100
198
766
308
295
185
799
413
764
533
795
475
832
614
640
392
849
597
706
678
830
671
550
23
536
429
663
450
55
584
427
606
72
342
148
394
217
246
108
52
757
697
629
448
378
208
783
716
10
428
28
920
496
879
506
564
690
904
296
172
823
53
238
821
609
291
574
357
575
869
520
44
970
669
894
793
92
873
465
344
254
83
825
17
677
218
648
929
939
875
76
461
268
555
123
788
846
693
683
419
915
668
193
746
652
523
772
482
845
703
829
405
807
786
967
368
440
752
744
141
6
977
638
682
769
97
134
187
387
598
561
157
71
32
884
888
277
25
868
13
949
718
773
487
848
692
613
781
380
856
646
601
899
994
8
838
806
698
418
441
525
714
289
891
672
763
588
685
56
626
937
537
534
370
385
634
462
430
521
815
797
255
720
529
580
818
197
37
942
384
991
186
118
701
447
702
791
755
993
223
202
85
458
847
649
916
493
164
921
717
422
489
837
456
160
300
762
406
27
320
817
922
286
777
470
680
625
560
909
712
852
79
404
98
386
859
324
515
111
175
471
136
572
865
982
402
731
895
662
443
173
11
165
211
297
373
481
80
966
492
120
299
438
200
659
775
196
274
78
360
743
867
328
459
346
914
479
278
204
861
415
923
987
38
226
445
727
212
592
622
976
126
740
269
593
285
282
917
855
400
545
577
546
945
979
412
403
411
885
42
329
505
147
31
180
485
68
94
264
252
144
359
256
860
89
433
303
651
992
174
364
883
549
732
125
612
64
656
628
850
972
382
660
410
765
839
632
647
122
102
633
251
449
722
107
581
227
352
315
130
491
184
142
116
106
905
968
778
62
396
110
434
785
241
644
451
178
69
190
665
898
232
803
236
464
161
369
896
287
568
958
816
841
877
339
756
263
658
953
276
745
472
567
66
851
259
739
611
409
314
334
831
474
322
631
33
275
140
73
247
166
826
544
435
306
749
562
570
65
863
1
249
338
642
715
192
39
121
804
40
836
938
892
361
90
840
758
997
990
354
834
618
950
237
146
858
657
511
381
397
50
490
583
753
539
666
34
616
250
886
907
153
93
600
736
500
424
372
262
947
260
421
137
900
407
684
325
363
431
95
390
780
176
518
436
787
517
872
897
582
699
312
248
936
571
14
627
304
664
399
395
29
667
376
624
630
641
305
332
63
377
645
620
466
761
986
74
162
844
321
261
224
811
221
230
188
768
694
814
88
87
302
925
35
594
77
379
857
104
975
978
587
19
881
691
654
615
547
924
347
670
965
43
801
686
603
30
454
280
503
579
747
455
700
228
675
326
608
351
22
182
309
516
557
704
420
551
417
956
210
964
996
356
4
889
439
595
452
416
719
784
195
711
569
810
177
944
216
730
135
735
473
5
348
843
58
463
674
800
158
882
317
367
871
497
636
159
948
